1.000000000000000000e+00
0.000000000000000000e+00
0.000000000000000000e+00
1.000000000000000000e+00
2.000000000000000000e+00
0.000000000000000000e+00
2.000000000000000000e+00
0.000000000000000000e+00
3.000000000000000000e+00
4.100000000000000000e+01
2.420000000000000000e+02
8.000000000000000000e+02
2.186000000000000000e+03
4.502000000000000000e+03
9.548000000000000000e+03
2.081100000000000000e+04
4.077300000000000000e+04
5.783200000000000000e+04
9.544800000000000000e+04
1.194760000000000000e+05
1.355760000000000000e+05
1.428060000000000000e+05
1.241990000000000000e+05
1.443810000000000000e+05
1.432760000000000000e+05
1.399020000000000000e+05
1.380390000000000000e+05
1.164300000000000000e+05
1.337930000000000000e+05
1.309640000000000000e+05
1.285640000000000000e+05
1.262180000000000000e+05
1.245290000000000000e+05
1.056020000000000000e+05
1.214620000000000000e+05
1.189480000000000000e+05
1.177690000000000000e+05
1.159740000000000000e+05
9.780000000000000000e+04
1.127200000000000000e+05
1.115000000000000000e+05
1.091780000000000000e+05
1.081860000000000000e+05
9.124900000000000000e+04
1.048880000000000000e+05
1.044510000000000000e+05
1.023700000000000000e+05
1.008280000000000000e+05
9.951700000000000000e+04
8.395400000000000000e+04
9.709900000000000000e+04
9.571000000000000000e+04
9.399400000000000000e+04
9.332800000000000000e+04
7.909500000000000000e+04
9.125400000000000000e+04
8.996700000000000000e+04
8.785400000000000000e+04
8.732700000000000000e+04
7.411500000000000000e+04
8.526700000000000000e+04
8.421100000000000000e+04
8.308800000000000000e+04
8.235000000000000000e+04
8.122600000000000000e+04
6.896900000000000000e+04
7.929800000000000000e+04
7.833700000000000000e+04
7.798500000000000000e+04
7.644800000000000000e+04
6.504900000000000000e+04
7.509700000000000000e+04
7.417000000000000000e+04
7.277100000000000000e+04
7.226500000000000000e+04
6.092900000000000000e+04
7.022600000000000000e+04
6.964400000000000000e+04
6.854400000000000000e+04
6.795500000000000000e+04
6.690400000000000000e+04
5.620100000000000000e+04
6.523700000000000000e+04
6.484100000000000000e+04
6.351600000000000000e+04
6.263100000000000000e+04
5.340800000000000000e+04
6.173200000000000000e+04
6.102000000000000000e+04
6.004700000000000000e+04
5.940400000000000000e+04
5.036200000000000000e+04
5.851600000000000000e+04
5.765200000000000000e+04
5.666400000000000000e+04
5.634000000000000000e+04
5.531800000000000000e+04
4.713500000000000000e+04
5.398400000000000000e+04
5.374400000000000000e+04
5.290500000000000000e+04
5.268800000000000000e+04
4.410900000000000000e+04
5.124100000000000000e+04
5.039500000000000000e+04
4.965600000000000000e+04
4.860000000000000000e+04
4.157100000000000000e+04
4.772400000000000000e+04
4.702800000000000000e+04
4.689600000000000000e+04
4.585300000000000000e+04
4.528000000000000000e+04
3.850500000000000000e+04
4.431400000000000000e+04
4.356900000000000000e+04
4.317800000000000000e+04
4.295400000000000000e+04
3.579700000000000000e+04
4.162200000000000000e+04
4.099100000000000000e+04
4.058900000000000000e+04
4.000600000000000000e+04
3.996300000000000000e+04
3.360400000000000000e+04
3.857200000000000000e+04
3.804600000000000000e+04
3.806900000000000000e+04
3.739900000000000000e+04
3.156800000000000000e+04
3.683500000000000000e+04
3.629700000000000000e+04
3.603600000000000000e+04
3.534500000000000000e+04
3.007300000000000000e+04
3.463200000000000000e+04
3.446100000000000000e+04
3.419900000000000000e+04
3.368900000000000000e+04
3.312300000000000000e+04
2.819500000000000000e+04
3.268900000000000000e+04
3.222400000000000000e+04
3.151100000000000000e+04
3.147900000000000000e+04
2.684100000000000000e+04
3.109600000000000000e+04
3.090000000000000000e+04
3.012300000000000000e+04
3.028300000000000000e+04
2.543200000000000000e+04
2.911200000000000000e+04
2.918200000000000000e+04
2.892200000000000000e+04
2.827100000000000000e+04
2.787200000000000000e+04
2.390500000000000000e+04
2.737400000000000000e+04
2.711600000000000000e+04
2.691500000000000000e+04
2.652600000000000000e+04
2.274000000000000000e+04
2.596400000000000000e+04
2.588000000000000000e+04
2.548100000000000000e+04
2.514500000000000000e+04
2.150100000000000000e+04
2.488600000000000000e+04
2.449100000000000000e+04
2.395000000000000000e+04
2.397000000000000000e+04
2.366800000000000000e+04
2.010000000000000000e+04
2.324800000000000000e+04
2.290200000000000000e+04
2.255300000000000000e+04
2.235400000000000000e+04
1.904100000000000000e+04
2.176300000000000000e+04
2.168000000000000000e+04
2.142100000000000000e+04
2.120000000000000000e+04
1.813500000000000000e+04
2.101900000000000000e+04
2.071700000000000000e+04
2.045100000000000000e+04
2.013300000000000000e+04
1.990600000000000000e+04
1.661100000000000000e+04
1.957200000000000000e+04
1.921400000000000000e+04
1.903600000000000000e+04
1.878900000000000000e+04
1.623700000000000000e+04
1.839200000000000000e+04
1.840200000000000000e+04
1.811900000000000000e+04
1.777800000000000000e+04
1.507100000000000000e+04
1.756500000000000000e+04
1.710700000000000000e+04
1.688600000000000000e+04
1.688300000000000000e+04
1.646300000000000000e+04
1.406000000000000000e+04
1.650300000000000000e+04
1.610300000000000000e+04
1.602500000000000000e+04
1.560700000000000000e+04
1.346900000000000000e+04
1.531200000000000000e+04
1.520900000000000000e+04
1.496000000000000000e+04
1.481900000000000000e+04
1.271400000000000000e+04
1.441800000000000000e+04
1.414900000000000000e+04
1.393200000000000000e+04
1.397000000000000000e+04
1.384400000000000000e+04
1.158700000000000000e+04
1.349400000000000000e+04
1.314300000000000000e+04
1.303800000000000000e+04
1.289300000000000000e+04
1.099000000000000000e+04
1.258700000000000000e+04
1.246900000000000000e+04
1.248000000000000000e+04
1.227800000000000000e+04
1.037700000000000000e+04
1.183800000000000000e+04
1.164000000000000000e+04
1.164500000000000000e+04
1.126100000000000000e+04
1.118700000000000000e+04
9.470000000000000000e+03
1.114800000000000000e+04
1.091300000000000000e+04
1.083900000000000000e+04
1.071300000000000000e+04
9.027000000000000000e+03
1.041100000000000000e+04
1.036100000000000000e+04
1.022300000000000000e+04
9.953000000000000000e+03
8.439000000000000000e+03
9.873000000000000000e+03
9.729000000000000000e+03
9.502000000000000000e+03
9.338000000000000000e+03
9.181000000000000000e+03
7.915000000000000000e+03
9.182000000000000000e+03
8.943000000000000000e+03
8.869000000000000000e+03
8.543000000000000000e+03
7.435000000000000000e+03
8.679000000000000000e+03
8.595000000000000000e+03
8.551000000000000000e+03
8.196000000000000000e+03
8.239000000000000000e+03
6.977000000000000000e+03
8.083000000000000000e+03
7.988000000000000000e+03
7.825000000000000000e+03
7.790000000000000000e+03
6.551000000000000000e+03
7.585000000000000000e+03
7.523000000000000000e+03
7.373000000000000000e+03
7.374000000000000000e+03
6.172000000000000000e+03
7.257000000000000000e+03
7.028000000000000000e+03
7.008000000000000000e+03
6.938000000000000000e+03
6.955000000000000000e+03
6.004000000000000000e+03
6.710000000000000000e+03
6.570000000000000000e+03
6.478000000000000000e+03
6.522000000000000000e+03
5.491000000000000000e+03
6.386000000000000000e+03
6.202000000000000000e+03
6.191000000000000000e+03
6.111000000000000000e+03
5.150000000000000000e+03
5.954000000000000000e+03
5.960000000000000000e+03
5.887000000000000000e+03
5.832000000000000000e+03
5.766000000000000000e+03
4.830000000000000000e+03
5.600000000000000000e+03
5.437000000000000000e+03
5.480000000000000000e+03
5.625000000000000000e+03
4.754000000000000000e+03
5.376000000000000000e+03
5.315000000000000000e+03
5.231000000000000000e+03
5.189000000000000000e+03
4.382000000000000000e+03
5.191000000000000000e+03
5.050000000000000000e+03
5.029000000000000000e+03
4.962000000000000000e+03
4.888000000000000000e+03
4.204000000000000000e+03
4.691000000000000000e+03
4.797000000000000000e+03
4.669000000000000000e+03
4.605000000000000000e+03
3.994000000000000000e+03
4.557000000000000000e+03
4.469000000000000000e+03
4.425000000000000000e+03
4.497000000000000000e+03
3.651000000000000000e+03
4.231000000000000000e+03
4.306000000000000000e+03
4.138000000000000000e+03
4.159000000000000000e+03
4.084000000000000000e+03
3.546000000000000000e+03
4.037000000000000000e+03
3.979000000000000000e+03
3.888000000000000000e+03
3.776000000000000000e+03
3.311000000000000000e+03
3.670000000000000000e+03
3.705000000000000000e+03
3.708000000000000000e+03
3.666000000000000000e+03
3.016000000000000000e+03
3.530000000000000000e+03
3.404000000000000000e+03
3.435000000000000000e+03
3.464000000000000000e+03
3.396000000000000000e+03
2.853000000000000000e+03
3.340000000000000000e+03
3.213000000000000000e+03
3.091000000000000000e+03
3.243000000000000000e+03
2.602000000000000000e+03
3.062000000000000000e+03
3.013000000000000000e+03
3.023000000000000000e+03
2.892000000000000000e+03
2.404000000000000000e+03
2.918000000000000000e+03
2.794000000000000000e+03
2.890000000000000000e+03
2.688000000000000000e+03
2.774000000000000000e+03
2.358000000000000000e+03
2.695000000000000000e+03
2.592000000000000000e+03
2.506000000000000000e+03
2.656000000000000000e+03
2.190000000000000000e+03
2.492000000000000000e+03
2.499000000000000000e+03
2.408000000000000000e+03
2.321000000000000000e+03
2.024000000000000000e+03
2.275000000000000000e+03
2.215000000000000000e+03
2.281000000000000000e+03
2.166000000000000000e+03
2.305000000000000000e+03
1.830000000000000000e+03
2.094000000000000000e+03
2.083000000000000000e+03
2.061000000000000000e+03
2.042000000000000000e+03
1.696000000000000000e+03
1.982000000000000000e+03
1.974000000000000000e+03
1.913000000000000000e+03
1.848000000000000000e+03
1.808000000000000000e+03
1.572000000000000000e+03
1.812000000000000000e+03
1.794000000000000000e+03
1.773000000000000000e+03
1.724000000000000000e+03
1.466000000000000000e+03
1.636000000000000000e+03
1.615000000000000000e+03
1.568000000000000000e+03
1.519000000000000000e+03
1.339000000000000000e+03
1.533000000000000000e+03
1.437000000000000000e+03
1.480000000000000000e+03
1.363000000000000000e+03
1.403000000000000000e+03
1.208000000000000000e+03
1.346000000000000000e+03
1.372000000000000000e+03
1.314000000000000000e+03
1.332000000000000000e+03
1.127000000000000000e+03
1.258000000000000000e+03
1.247000000000000000e+03
1.214000000000000000e+03
1.147000000000000000e+03
9.930000000000000000e+02
1.122000000000000000e+03
1.109000000000000000e+03
1.077000000000000000e+03
1.113000000000000000e+03
1.043000000000000000e+03
8.530000000000000000e+02
1.028000000000000000e+03
9.920000000000000000e+02
9.090000000000000000e+02
9.120000000000000000e+02
8.070000000000000000e+02
9.010000000000000000e+02
8.740000000000000000e+02
8.660000000000000000e+02
8.490000000000000000e+02
7.100000000000000000e+02
8.240000000000000000e+02
8.330000000000000000e+02
8.430000000000000000e+02
7.830000000000000000e+02
7.300000000000000000e+02
6.040000000000000000e+02
7.780000000000000000e+02
7.060000000000000000e+02
6.840000000000000000e+02
6.930000000000000000e+02
5.660000000000000000e+02
6.810000000000000000e+02
6.270000000000000000e+02
5.970000000000000000e+02
5.910000000000000000e+02
5.440000000000000000e+02
5.560000000000000000e+02
5.950000000000000000e+02
5.540000000000000000e+02
5.720000000000000000e+02
5.690000000000000000e+02
4.220000000000000000e+02
5.410000000000000000e+02
5.260000000000000000e+02
5.320000000000000000e+02
5.020000000000000000e+02
3.900000000000000000e+02
5.060000000000000000e+02
4.480000000000000000e+02
4.570000000000000000e+02
4.440000000000000000e+02
4.140000000000000000e+02
4.650000000000000000e+02
4.380000000000000000e+02
4.230000000000000000e+02
4.030000000000000000e+02
3.960000000000000000e+02
3.350000000000000000e+02
3.580000000000000000e+02
3.700000000000000000e+02
3.540000000000000000e+02
3.250000000000000000e+02
3.120000000000000000e+02
3.540000000000000000e+02
3.550000000000000000e+02
3.240000000000000000e+02
3.300000000000000000e+02
2.500000000000000000e+02
3.120000000000000000e+02
3.070000000000000000e+02
2.850000000000000000e+02
3.160000000000000000e+02
2.950000000000000000e+02
2.610000000000000000e+02
2.700000000000000000e+02
2.620000000000000000e+02
2.460000000000000000e+02
2.490000000000000000e+02
2.030000000000000000e+02
2.770000000000000000e+02
2.540000000000000000e+02
2.310000000000000000e+02
2.080000000000000000e+02
2.050000000000000000e+02
2.460000000000000000e+02
2.190000000000000000e+02
2.120000000000000000e+02
2.070000000000000000e+02
1.880000000000000000e+02
1.700000000000000000e+02
1.920000000000000000e+02
1.910000000000000000e+02
1.930000000000000000e+02
2.240000000000000000e+02
1.600000000000000000e+02
1.710000000000000000e+02
1.570000000000000000e+02
1.670000000000000000e+02
1.840000000000000000e+02
1.400000000000000000e+02
1.590000000000000000e+02
1.520000000000000000e+02
1.440000000000000000e+02
1.390000000000000000e+02
1.080000000000000000e+02
1.080000000000000000e+02
1.380000000000000000e+02
1.340000000000000000e+02
1.140000000000000000e+02
1.180000000000000000e+02
1.110000000000000000e+02
1.240000000000000000e+02
1.090000000000000000e+02
1.210000000000000000e+02
1.180000000000000000e+02
1.240000000000000000e+02
9.700000000000000000e+01
1.270000000000000000e+02
9.500000000000000000e+01
8.700000000000000000e+01
1.160000000000000000e+02
7.500000000000000000e+01
8.900000000000000000e+01
7.400000000000000000e+01
7.700000000000000000e+01
8.200000000000000000e+01
6.800000000000000000e+01
6.300000000000000000e+01
5.600000000000000000e+01
5.900000000000000000e+01
6.200000000000000000e+01
6.700000000000000000e+01
6.600000000000000000e+01
7.300000000000000000e+01
7.100000000000000000e+01
5.600000000000000000e+01
7.500000000000000000e+01
5.600000000000000000e+01
5.200000000000000000e+01
4.600000000000000000e+01
4.400000000000000000e+01
5.500000000000000000e+01
4.000000000000000000e+01
3.900000000000000000e+01
4.700000000000000000e+01
4.500000000000000000e+01
4.000000000000000000e+01
3.900000000000000000e+01
3.700000000000000000e+01
4.700000000000000000e+01
4.800000000000000000e+01
2.700000000000000000e+01
4.100000000000000000e+01
2.300000000000000000e+01
3.300000000000000000e+01
4.000000000000000000e+01
3.600000000000000000e+01
3.700000000000000000e+01
1.900000000000000000e+01
3.000000000000000000e+01
4.400000000000000000e+01
2.300000000000000000e+01
3.400000000000000000e+01
2.700000000000000000e+01
2.900000000000000000e+01
2.900000000000000000e+01
2.700000000000000000e+01
1.500000000000000000e+01
3.000000000000000000e+01
1.700000000000000000e+01
2.300000000000000000e+01
1.300000000000000000e+01
1.800000000000000000e+01
1.600000000000000000e+01
2.200000000000000000e+01
2.000000000000000000e+01
1.700000000000000000e+01
1.400000000000000000e+01
1.100000000000000000e+01
2.200000000000000000e+01
2.200000000000000000e+01
1.200000000000000000e+01
9.900000000000000000e+01
0.000000000000000000e+00
0.000000000000000000e+00
0.000000000000000000e+00
0.000000000000000000e+00
0.000000000000000000e+00
0.000000000000000000e+00
0.000000000000000000e+00
0.000000000000000000e+00
0.000000000000000000e+00
0.000000000000000000e+00
0.000000000000000000e+00
0.000000000000000000e+00
0.000000000000000000e+00
0.000000000000000000e+00
0.000000000000000000e+00
0.000000000000000000e+00
0.000000000000000000e+00
0.000000000000000000e+00
0.000000000000000000e+00
0.000000000000000000e+00
0.000000000000000000e+00
0.000000000000000000e+00
1.000000000000000000e+00
0.000000000000000000e+00
0.000000000000000000e+00
0.000000000000000000e+00
0.000000000000000000e+00
0.000000000000000000e+00
0.000000000000000000e+00
0.000000000000000000e+00
0.000000000000000000e+00
0.000000000000000000e+00
0.000000000000000000e+00
0.000000000000000000e+00
0.000000000000000000e+00
0.000000000000000000e+00
0.000000000000000000e+00
0.000000000000000000e+00
0.000000000000000000e+00
0.000000000000000000e+00
0.000000000000000000e+00
0.000000000000000000e+00
0.000000000000000000e+00
0.000000000000000000e+00
0.000000000000000000e+00
0.000000000000000000e+00
0.000000000000000000e+00
0.000000000000000000e+00
0.000000000000000000e+00
0.000000000000000000e+00
0.000000000000000000e+00
0.000000000000000000e+00
0.000000000000000000e+00
0.000000000000000000e+00
0.000000000000000000e+00
0.000000000000000000e+00
0.000000000000000000e+00
0.000000000000000000e+00
0.000000000000000000e+00
0.000000000000000000e+00
0.000000000000000000e+00
0.000000000000000000e+00
0.000000000000000000e+00
0.000000000000000000e+00
0.000000000000000000e+00
0.000000000000000000e+00
0.000000000000000000e+00
0.000000000000000000e+00
0.000000000000000000e+00
0.000000000000000000e+00
0.000000000000000000e+00
0.000000000000000000e+00
0.000000000000000000e+00
0.000000000000000000e+00
0.000000000000000000e+00
0.000000000000000000e+00
0.000000000000000000e+00
0.000000000000000000e+00
0.000000000000000000e+00
0.000000000000000000e+00
0.000000000000000000e+00
0.000000000000000000e+00
0.000000000000000000e+00
0.000000000000000000e+00
0.000000000000000000e+00
0.000000000000000000e+00
0.000000000000000000e+00
0.000000000000000000e+00
0.000000000000000000e+00
0.000000000000000000e+00
0.000000000000000000e+00
0.000000000000000000e+00
0.000000000000000000e+00
0.000000000000000000e+00
0.000000000000000000e+00
0.000000000000000000e+00
0.000000000000000000e+00
0.000000000000000000e+00
0.000000000000000000e+00
0.000000000000000000e+00
0.000000000000000000e+00
0.000000000000000000e+00
0.000000000000000000e+00
0.000000000000000000e+00
0.000000000000000000e+00
0.000000000000000000e+00
0.000000000000000000e+00
0.000000000000000000e+00
0.000000000000000000e+00
0.000000000000000000e+00
0.000000000000000000e+00
0.000000000000000000e+00
0.000000000000000000e+00
0.000000000000000000e+00
0.000000000000000000e+00
0.000000000000000000e+00
0.000000000000000000e+00
0.000000000000000000e+00
0.000000000000000000e+00
0.000000000000000000e+00
0.000000000000000000e+00
0.000000000000000000e+00
0.000000000000000000e+00
0.000000000000000000e+00
1.000000000000000000e+00
0.000000000000000000e+00
0.000000000000000000e+00
0.000000000000000000e+00
0.000000000000000000e+00
0.000000000000000000e+00
0.000000000000000000e+00
0.000000000000000000e+00
0.000000000000000000e+00
0.000000000000000000e+00
0.000000000000000000e+00
0.000000000000000000e+00
0.000000000000000000e+00
0.000000000000000000e+00
0.000000000000000000e+00
0.000000000000000000e+00
0.000000000000000000e+00
0.000000000000000000e+00
0.000000000000000000e+00
0.000000000000000000e+00
0.000000000000000000e+00
0.000000000000000000e+00
0.000000000000000000e+00
0.000000000000000000e+00
0.000000000000000000e+00
0.000000000000000000e+00
0.000000000000000000e+00
0.000000000000000000e+00
0.000000000000000000e+00
0.000000000000000000e+00
0.000000000000000000e+00
0.000000000000000000e+00
0.000000000000000000e+00
0.000000000000000000e+00
0.000000000000000000e+00
0.000000000000000000e+00
0.000000000000000000e+00
0.000000000000000000e+00
0.000000000000000000e+00
0.000000000000000000e+00
0.000000000000000000e+00
0.000000000000000000e+00
0.000000000000000000e+00
0.000000000000000000e+00
0.000000000000000000e+00
0.000000000000000000e+00
0.000000000000000000e+00
0.000000000000000000e+00
0.000000000000000000e+00
0.000000000000000000e+00
0.000000000000000000e+00
0.000000000000000000e+00
0.000000000000000000e+00
0.000000000000000000e+00
0.000000000000000000e+00
0.000000000000000000e+00
0.000000000000000000e+00
0.000000000000000000e+00
0.000000000000000000e+00
0.000000000000000000e+00
0.000000000000000000e+00
0.000000000000000000e+00
0.000000000000000000e+00
0.000000000000000000e+00
0.000000000000000000e+00
0.000000000000000000e+00
0.000000000000000000e+00
0.000000000000000000e+00
0.000000000000000000e+00
0.000000000000000000e+00
0.000000000000000000e+00
0.000000000000000000e+00
0.000000000000000000e+00
0.000000000000000000e+00
0.000000000000000000e+00
0.000000000000000000e+00
0.000000000000000000e+00
0.000000000000000000e+00
0.000000000000000000e+00
0.000000000000000000e+00
0.000000000000000000e+00
0.000000000000000000e+00
0.000000000000000000e+00
0.000000000000000000e+00
0.000000000000000000e+00
0.000000000000000000e+00
0.000000000000000000e+00
0.000000000000000000e+00
0.000000000000000000e+00
0.000000000000000000e+00
0.000000000000000000e+00
0.000000000000000000e+00
0.000000000000000000e+00
0.000000000000000000e+00
0.000000000000000000e+00
0.000000000000000000e+00
0.000000000000000000e+00
0.000000000000000000e+00
0.000000000000000000e+00
0.000000000000000000e+00
0.000000000000000000e+00
0.000000000000000000e+00
0.000000000000000000e+00
1.000000000000000000e+00
0.000000000000000000e+00
0.000000000000000000e+00
0.000000000000000000e+00
0.000000000000000000e+00
0.000000000000000000e+00
0.000000000000000000e+00
0.000000000000000000e+00
0.000000000000000000e+00
0.000000000000000000e+00
0.000000000000000000e+00
0.000000000000000000e+00
0.000000000000000000e+00
0.000000000000000000e+00
0.000000000000000000e+00
0.000000000000000000e+00
0.000000000000000000e+00
0.000000000000000000e+00
0.000000000000000000e+00
0.000000000000000000e+00
0.000000000000000000e+00
0.000000000000000000e+00
0.000000000000000000e+00
0.000000000000000000e+00
0.000000000000000000e+00
0.000000000000000000e+00
0.000000000000000000e+00
0.000000000000000000e+00
0.000000000000000000e+00
0.000000000000000000e+00
0.000000000000000000e+00
0.000000000000000000e+00
0.000000000000000000e+00
0.000000000000000000e+00
0.000000000000000000e+00
0.000000000000000000e+00
0.000000000000000000e+00
0.000000000000000000e+00
0.000000000000000000e+00
0.000000000000000000e+00
0.000000000000000000e+00
0.000000000000000000e+00
0.000000000000000000e+00
0.000000000000000000e+00
0.000000000000000000e+00
0.000000000000000000e+00
0.000000000000000000e+00
0.000000000000000000e+00
0.000000000000000000e+00
0.000000000000000000e+00
0.000000000000000000e+00
0.000000000000000000e+00
0.000000000000000000e+00
0.000000000000000000e+00
0.000000000000000000e+00
0.000000000000000000e+00
0.000000000000000000e+00
0.000000000000000000e+00
0.000000000000000000e+00
0.000000000000000000e+00
0.000000000000000000e+00
0.000000000000000000e+00
0.000000000000000000e+00
0.000000000000000000e+00
0.000000000000000000e+00
0.000000000000000000e+00
0.000000000000000000e+00
0.000000000000000000e+00
0.000000000000000000e+00
0.000000000000000000e+00
0.000000000000000000e+00
0.000000000000000000e+00
0.000000000000000000e+00
0.000000000000000000e+00
0.000000000000000000e+00
0.000000000000000000e+00
0.000000000000000000e+00
0.000000000000000000e+00
0.000000000000000000e+00
0.000000000000000000e+00
0.000000000000000000e+00
0.000000000000000000e+00
0.000000000000000000e+00
0.000000000000000000e+00
0.000000000000000000e+00
0.000000000000000000e+00
0.000000000000000000e+00
0.000000000000000000e+00
0.000000000000000000e+00
0.000000000000000000e+00
0.000000000000000000e+00
0.000000000000000000e+00
0.000000000000000000e+00
0.000000000000000000e+00
0.000000000000000000e+00
0.000000000000000000e+00
0.000000000000000000e+00
0.000000000000000000e+00
0.000000000000000000e+00
0.000000000000000000e+00
0.000000000000000000e+00
0.000000000000000000e+00
1.000000000000000000e+00
0.000000000000000000e+00
0.000000000000000000e+00
0.000000000000000000e+00
0.000000000000000000e+00
0.000000000000000000e+00
0.000000000000000000e+00
0.000000000000000000e+00
0.000000000000000000e+00
0.000000000000000000e+00
0.000000000000000000e+00
0.000000000000000000e+00
0.000000000000000000e+00
0.000000000000000000e+00
0.000000000000000000e+00
0.000000000000000000e+00
0.000000000000000000e+00
0.000000000000000000e+00
0.000000000000000000e+00
0.000000000000000000e+00
0.000000000000000000e+00
0.000000000000000000e+00
0.000000000000000000e+00
0.000000000000000000e+00
0.000000000000000000e+00
0.000000000000000000e+00
0.000000000000000000e+00
0.000000000000000000e+00
0.000000000000000000e+00
0.000000000000000000e+00
0.000000000000000000e+00
0.000000000000000000e+00
0.000000000000000000e+00
0.000000000000000000e+00
0.000000000000000000e+00
0.000000000000000000e+00
0.000000000000000000e+00
0.000000000000000000e+00
0.000000000000000000e+00
0.000000000000000000e+00
0.000000000000000000e+00
0.000000000000000000e+00
0.000000000000000000e+00
0.000000000000000000e+00
0.000000000000000000e+00
0.000000000000000000e+00
0.000000000000000000e+00
0.000000000000000000e+00
0.000000000000000000e+00
0.000000000000000000e+00
0.000000000000000000e+00
0.000000000000000000e+00
0.000000000000000000e+00
0.000000000000000000e+00
0.000000000000000000e+00
0.000000000000000000e+00
0.000000000000000000e+00
0.000000000000000000e+00
0.000000000000000000e+00
0.000000000000000000e+00
0.000000000000000000e+00
0.000000000000000000e+00
0.000000000000000000e+00
0.000000000000000000e+00
0.000000000000000000e+00
0.000000000000000000e+00
0.000000000000000000e+00
0.000000000000000000e+00
0.000000000000000000e+00
0.000000000000000000e+00
0.000000000000000000e+00
0.000000000000000000e+00
0.000000000000000000e+00
0.000000000000000000e+00
0.000000000000000000e+00
0.000000000000000000e+00
0.000000000000000000e+00
0.000000000000000000e+00
0.000000000000000000e+00
0.000000000000000000e+00
0.000000000000000000e+00
0.000000000000000000e+00
0.000000000000000000e+00
0.000000000000000000e+00
0.000000000000000000e+00
0.000000000000000000e+00
0.000000000000000000e+00
0.000000000000000000e+00
0.000000000000000000e+00
0.000000000000000000e+00
0.000000000000000000e+00
0.000000000000000000e+00
0.000000000000000000e+00
0.000000000000000000e+00
0.000000000000000000e+00
0.000000000000000000e+00
0.000000000000000000e+00
0.000000000000000000e+00
0.000000000000000000e+00
0.000000000000000000e+00
0.000000000000000000e+00
0.000000000000000000e+00
1.000000000000000000e+00
